0.252777381977000
0.252777381977000
0.252777381977000
0.252777381977000
0.252777381977000
0.252777381977000
0.252777381977000
0.222476512586000
0.252777381977000
0.252777381977000
0.252777381960000
0.252777381977000
0.252777381977000
0.252777381960000
0.252777381960000
0.252777381977000
0.252777381977000
0.252777381977000
0.252777381977000
0.252777381977000
0.252777381972000
0.252777381977000
0.252777381977000
0.252777381977000
0.252777381960000
0.252777381977000
0.252777381977000
0.252777381977000
0.252777381977000
0.252777381977000