0.475719229969000
0.475719229969000
0.467751193561000
0.422243608416000
0.475719229969000
0.475719229969000
0.475719229969000
0.475719229969000
0.475719229969000
0.472684235841000
0.475719229969000
0.475719229969000
0.475719229969000
0.475719229940000
0.475719229969000
0.475719229969000
0.475719229969000
0.467751193561000
0.475719229969000
0.475719229969000
0.475719229969000
0.467751193561000
0.475719229969000
0.475719229940000
0.475719229969000
0.475719229969000
0.475719229969000
0.467751193561000
0.475719229969000
0.475719229969000