208.62
185.085
210.496666667
183.68
207.3
208.706666667
174.426666667
208.666666667
180.8
212.906666667
175.806666667
214.403333333
181.37
213.98
188.78
200.623333333
Nan
205.376666667
180.64
215.236666667
180.85
214.46
183.906666667
207.126666667
211.623333333
214.103333333
Nan
208.096666667
Nan
214.613333333
188.876666667
216.68
213.84
207.646666667
Nan
208.293333333
184.666666667
211.913333333
183.77
208.386666667
164.97
203.903333333
200.096666667
214.55
195.956666667
181.44
211.63
182.61
211.453333333
178.913333333
213.596666667
Nan
205.833333333
186.91
