0.836790194065
0.522133925604
0.84283594998
0.761863408982
0.822360663383
0.835353977432
0.768479992585
0.825175600353
0.771251825345
0.830431537844
0.768064076995
0.827127097837
0.747530636238
0.830853963014
0.427754677103
0.831184964203
0.804541494106
0.840809907179
0.745965178407
0.834126804046
0.771857187478
0.817430883622
0.726253008179
0.826362635256
0.828339339538
0.827977569182
0.416448243926
0.827722674684
0.786614316386
0.824811515272
0.759705364579
0.817676468148
0.817034147544
0.816701456135
0.781671249665
0.834223889447
0.753416670034
0.823030591591
0.401957874447
0.832878457012
0.424720527868
0.838311803755
0.830247138861
0.825742830356
0.827157097863
0.753450551809
0.828170303364
0.749482605728
0.834447067891
0.765019723136
0.822765628017
0.377205772444
0.840215088828
0.746522424716
