0.475719229969
0.252777381977
0.475719229969
0.252777381977
0.359592811741
0.467751193561
0.252777381977
0.422243608416
0.252777381977
0.475719229969
0.252777381977
0.475719229969
0.252777381977
0.475719229969
0.252777381977
0.475719229969
0.222476512586
0.475719229969
0.252777381977
0.472684235841
0.252777381977
0.475719229969
0.25277738196
0.475719229969
0.458397426541
0.475719229969
0.252777381977
0.475719229969
0.252777381977
0.47571922994
0.25277738196
0.455294973598
0.475719229969
0.475719229969
0.25277738196
0.475719229969
0.252777381977
0.475719229969
0.252777381977
0.467751193561
0.252777381977
0.475719229969
0.475719229969
0.475719229969
0.475719229969
0.252777381977
0.475719229969
0.252777381977
0.475719229969
0.252777381972
0.467751193561
0.252777381977
0.475719229969
0.252777381977
